32 0.24805
33 0.25781
34 0.32031
35 0.61572
36 0.56201
37 0.73242
38 0.62207
39 0.1748
40 0.34229
41 0.34814
42 0.43066
43 0.56738
44 0.19678
45 0.27637
46 0.26367
47 0.4126
48 0.56201
49 0.56201
50 0.56201
51 0.56201
52 0.56201
53 0.56201
54 0.56201
55 0.56201
56 0.56201
57 0.56201
58 0.24219
59 0.21143
60 0.5083
61 0.54883
62 0.52295
63 0.47266
64 0.89795
65 0.65234
66 0.62305
67 0.65088
68 0.65625
69 0.56836
70 0.55273
71 0.68115
72 0.71338
73 0.27197
74 0.55176
75 0.62744
76 0.53857
77 0.87305
78 0.71338
79 0.68799
80 0.63086
81 0.68799
82 0.61621
83 0.59375
84 0.59668
85 0.64844
86 0.63672
87 0.88721
88 0.62695
89 0.60059
90 0.59912
91 0.26514
92 0.41064
93 0.26514
94 0.41797
95 0.45117
96 0.30908
97 0.54395
98 0.56152
99 0.52344
100 0.56396
101 0.53027
102 0.34766
103 0.56152
104 0.55078
105 0.24316
106 0.23926
107 0.50684
108 0.24316
109 0.87695
110 0.55225
111 0.57031
112 0.56152
113 0.56836
114 0.33887
115 0.51611
116 0.32715
117 0.55127
118 0.48438
119 0.75146
120 0.49609
121 0.47314
122 0.49609
123 0.33838
124 0.24414
125 0.33838
126 0.68018
